101,'4153',711,,47,12,4,,0,100,,48,12,4,,0,100,,49,12,4,,0,30,,62,12,4,,0,70,,50,12,4,,0,30,,63,12,4,,0,70,,51,12,4,,0,100,,52,12,4,,0,100,,53,12,4,,0,30,,64,12,4,,0,70,,54,12,4,,0,100,,55,12,4,,0,30,,65,12,4,,0,70,,56,12,4,,0,100,,57,12,4,,0,100,,58,12,4,,0,100,,59,12,4,,0,100,,60,12,4,,0,100,,61,12,4,,0,100,,66,12,4,,0
101,'4158',711,,68,12,4,,0,100,,69,12,4,,0,100,,67,12,4,,0,100,,70,12,4,,0,100,,71,12,4,,0,100,,72,12,4,,0,100,,73,12,4,,0,100,,74,12,4,,0,100,,75,12,4,,0,100,,76,12,4,,0,100,,77,12,4,,0,100,,78,12,4,,0,100,,79,12,4,,0,100,,80,12,4,,0,100,,81,12,4,,0,100,,82,12,4,,0
101,'4159',911,,85,12,4,,0,100,,86,12,4,,0,100,,87,12,4,,0,100,,88,12,4,,0,100,,89,12,4,,0,100,,90,12,4,,0,100,,91,12,4,,0,100,,92,12,4,,0,100,,83,12,4,,0,100,,84,12,4,,0
200,'4153',630,,94,1,,,0,200,,93,1,,,0,100,,95,1,,,0,100,,96,1,,,0,200,,104,1,,,0,100,,97,1,,,0,100,,98,1,,,0,100,,99,1,,,0,100,,100,1,,,0,200,,101,1,,,0,100,,102,1,,,0,100,,103,1,,,0,100,,105,1,,,0
200,'4158',630,,106,1,,,0,200,,107,1,,,0,100,,108,1,,,0,100,,109,1,,,0,200,,110,1,,,0,100,,111,1,,,0,100,,112,1,,,0,100,,113,1,,,0,100,,114,1,,,0,200,,115,1,,,0,100,,116,1,,,0,100,,117,1,,,0,100,,118,1,,,0
200,'4159',830,,121,1,,,0,100,,122,1,,,0,100,,123,1,,,0,100,,128,1,,,0,100,,124,1,,,0,100,,125,1,,,0,100,,126,1,,,0,100,,127,1,,,0,100,,120,1,,,0,100,,119,1,,,0
301,'4153',615,,130,1,,,0,11,,130,19,4,,0,189,,131,1,,,0,11,,131,19,4,,0,89,,129,1,,,0,11,,129,19,4,,0,89,,132,1,,,0,11,,132,19,4,,0,189,,133,1,,,0,11,,133,19,4,,0,89,,134,1,,,0,11,,134,19,4,,0,89,,135,1,,,0,11,,135,19,4,,0,89,,136,1,,,0,11,,136,19,4,,0,89,,137,1,,,0,11,,137,19,4,,0,189,,138,1,,,0,11,,138,19,4,,0,89,,139,1,,,0,11,,139,19,4,,0,89,,140,1,,,0,11,,140,19,4,,0,89,,141,1,,,0,11,,141,19,4,,0,89,,142,1,,,0,11,,142,19,4,,0
301,'4158',615,,143,1,,,0,11,,143,19,4,,0,189,,144,1,,,0,11,,144,19,4,,0,89,,145,1,,,0,11,,145,19,4,,0,89,,146,1,,,0,11,,146,19,4,,0,189,,147,1,,,0,11,,147,19,4,,0,89,,148,1,,,0,11,,148,19,4,,0,89,,149,1,,,0,11,,149,19,4,,0,89,,150,1,,,0,11,,150,19,4,,0,89,,151,1,,,0,11,,151,19,4,,0,189,,152,1,,,0,11,,152,19,4,,0,89,,153,1,,,0,11,,153,19,4,,0,89,,154,1,,,0,11,,154,19,4,,0,89,,155,1,,,0,11,,155,19,4,,0,89,,156,1,,,0,11,,156,19,4,,0
301,'4159',815,,158,1,,,0,11,,158,19,4,,0,89,,159,1,,,0,11,,159,19,4,,0,89,,160,1,,,0,11,,160,19,4,,0,89,,166,1,,,0,11,,166,19,4,,0,89,,162,1,,,0,11,,162,19,4,,0,89,,163,1,,,0,11,,163,19,4,,0,89,,164,1,,,0,11,,164,19,4,,0,89,,165,1,,,0,11,,165,19,4,,0,89,,161,1,,,0,11,,161,19,4,,0,89,,157,1,,,0,11,,157,19,4,,0
400,'4153',712,,168,1,,,0,100,,170,1,,,0,300,,167,1,,,0,300,,171,1,,,0,300,,169,1,,,0
400,'4158',712,,172,1,,,0,400,,173,1,,,0,600,,174,1,,,0
