100,155034,1,0,0
100,155035,2,0,0
100,155036,3,0,0
100,155037,4,0,0
100,155039,5,0,0
100,155040,6,0,0
100,155041,7,0,0
100,155042,8,0,0
100,155043,9,0,0
100,155044,10,1,1
101,155044,1,0,0
101,155045,2,0,0
101,155043,3,0,0
101,155040,4,0,0
101,155041,5,0,0
101,155042,6,0,0
101,155046,7,0,0
101,155038,8,0,0
101,155048,9,0,0
101,155049,10,0,0
101,155050,11,0,0
101,155001,12,1,1
200,155001,1,0,0
200,155021,2,0,0
200,155002,3,0,0
200,155003,4,0,0
200,155023,5,0,0
200,155024,6,0,0
200,155025,7,0,0
200,155026,8,0,0
200,155082,9,0,0
200,155027,10,0,0
200,155028,11,0,0
200,155029,12,0,0
200,155030,13,0,0
200,155031,14,0,0
200,155032,15,0,0
200,155033,16,0,0
200,155034,17,1,1
301,155001,1,0,0
301,155021,2,0,0
301,155004,3,0,0
301,155005,4,0,0
301,155006,5,0,0
301,155007,6,0,0
301,155008,7,0,0
301,155009,8,0,0
301,155085,9,0,0
301,155011,10,0,0
301,155012,11,0,0
301,155013,12,0,0
301,155014,13,0,0
301,155015,14,0,0
301,155016,15,0,0
301,155017,16,0,0
301,155018,17,0,0
301,155019,18,0,0
400,155001,1,0,0
400,155051,2,0,0
400,155052,3,0,0
400,155053,4,0,0
400,155054,5,0,0
400,155055,6,0,0
400,155056,7,0,0
400,155057,8,0,0
400,155058,9,0,0
400,155059,10,0,0
400,155060,11,0,0
400,155061,12,0,0
400,155062,13,0,0
400,155063,14,0,0
400,155064,15,0,0
400,155065,16,0,0
400,155066,17,0,0
400,155067,18,0,0
400,155068,19,0,0
400,155069,20,0,0
400,155070,21,0,0
400,155071,22,0,0
400,155072,23,0,0
400,155073,24,0,0
400,155074,25,0,0
400,155075,26,0,0
400,155034,27,1,1
